# PT power spectra for matter and bias tracers P, P_CTR (for c_s^2 = 1 (Mpc/h)^2 ), Id2d2, Id2, IG2, Id2G2, IG2G2, IFG2, P_Tree at redshift z=0
# for k=1.05392e-05 to 105.5 h/Mpc,
# number of wavenumbers equal to 132
#    1:k (h/Mpc)              2:P_1loop (Mpc/h)^3      3:P_CTR (Mpc/h)^3        4:Id2d2 (Mpc/h)^3        5:Id2 (Mpc/h)^3          6:IG2 (Mpc/h)^3          7:Id2G2 (Mpc/h)^3        8:IG2G2 (Mpc/h)^3        9:IFG2 (Mpc/h)^3        10:P_Tree (Mpc/h)^3   
       1.053918787543e-05      -1.202667259640e-07      -5.683358743965e-09       3.007630000000e+06      -3.007629699237e+00      -3.007630000000e-07       3.007630000000e+06      -3.007630000000e+06      -3.007630000000e-07       5.116709696977e+01 
       1.326805143606e-05      -2.378686023058e-07      -1.124072678080e-08       3.007630000000e+06      -3.007629699237e+00      -3.007630000000e-07       3.007630000000e+06      -3.007630000000e+06      -3.007630000000e-07       6.385282245825e+01 
       1.670348711784e-05      -4.704622138379e-07      -2.223224940078e-08       3.007630000000e+06      -3.007629699237e+00      -3.007630000000e-07       3.007630000000e+06      -3.007630000000e+06      -3.007630000000e-07       7.968363046514e+01 
       2.102844439823e-05      -9.304915222565e-07      -4.397155045173e-08       3.007630000000e+06      -3.007629699237e+00      -3.007630000000e-07       3.007630000000e+06      -3.007630000000e+06      -3.007630000000e-07       9.943916900127e+01 
       2.647324302343e-05      -1.840345915083e-06      -8.696795453302e-08       3.007630000000e+06      -3.007629699237e+00      -3.007630000000e-07       3.007630000000e+06      -3.007630000000e+06      -3.007630000000e-07       1.240923367539e+02 
       3.332783837480e-05      -3.639867274938e-06      -1.720066462482e-07       3.007630000000e+06      -3.007629699237e+00      -3.007630000000e-07       3.007630000000e+06      -3.007630000000e+06      -3.007630000000e-07       1.548570333937e+02 
       4.195726265021e-05      -7.198952295144e-06      -3.401957362093e-07       3.007630000000e+06      -3.007629699237e+00      -3.007630000000e-07       3.007630000000e+06      -3.007630000000e+06      -3.007630000000e-07       1.932478065594e+02 
       5.282106415967e-05      -1.423278403021e-05      -6.728701934779e-07       3.007630000000e+06      -3.007629699237e+00      -3.007630000000e-07       3.007630000000e+06      -3.007630000000e+06      -3.007630000000e-07       2.411539228881e+02 
       6.649777994862e-05      -2.814465938477e-05      -1.330708078878e-06       3.007630000000e+06      -3.007629699237e+00      -3.007630000000e-07       3.007630000000e+06      -3.007630000000e+06      -3.007630000000e-07       3.009321071498e+02 
       8.371574500521e-05      -5.565482907088e-05      -2.631767645298e-06       3.007630000000e+06      -3.007629699237e+00      -3.007630000000e-07       3.007630000000e+06      -3.007630000000e+06      -3.007630000000e-07       3.755201543827e+02 
       1.053918787543e-04      -1.100471261377e-04      -5.204722233920e-06       3.007630000000e+06      -3.007629699237e+00      -3.007630000000e-07       3.007630000000e+06      -3.007630000000e+06      -3.007630000000e-07       4.685794774102e+02 
       1.326805143606e-04      -2.175758766515e-04      -1.029258216737e-05       3.007630000000e+06      -3.007629699237e+00      -3.007630000000e-07       3.007630000000e+06      -3.007630000000e+06      -3.007630000000e-07       5.846689751380e+02 
       1.670348711784e-04      -4.301103950548e-04      -2.035234968518e-05       3.007630000000e+06      -3.007629699237e+00      -3.007630000000e-07       3.007630000000e+06      -3.007630000000e+06      -3.007630000000e-07       7.294579498511e+02 
       2.102844439823e-04      -8.500765429959e-04      -4.023902053997e-05       3.007630000000e+06      -3.007629699237e+00      -3.007630000000e-07       3.007630000000e+06      -3.007630000000e+06      -3.007630000000e-07       9.099826376894e+02 
       2.647324302343e-04      -1.679590007486e-03      -7.954094881533e-05       3.007630000000e+06      -3.007629699237e+00      -3.007630000000e-07       3.007630000000e+06      -3.007630000000e+06      -3.007630000000e-07       1.134949326382e+03 
       3.332783837480e-04      -3.317067860319e-03      -1.571794602831e-04       3.007630000000e+06      -3.007629699237e+00      -3.007630000000e-07       3.007630000000e+06      -3.007630000000e+06      -3.007630000000e-07       1.415081639637e+03 
       4.195726265021e-04      -6.546697174594e-03      -3.104485656014e-04       3.007630000000e+06      -3.007629699237e+00      -3.007630000000e-07       3.007630000000e+06      -3.007630000000e+06      -3.007630000000e-07       1.763499573302e+03 
       5.282106415967e-04      -1.290864136433e-02      -6.127269666990e-04       3.007630000000e+06      -3.007629699237e+00      -3.007630000000e-07       3.007630000000e+06      -3.007630000000e+06      -3.007630000000e-07       2.196102942735e+03 
       6.649777994862e-04      -2.541878508443e-02      -1.208038864596e-03       3.007630000000e+06      -3.007629699237e+00      -3.007630000000e-07       3.007630000000e+06      -3.007630000000e+06      -3.007630000000e-07       2.731911357678e+03 
       8.371574500521e-04      -4.995877923930e-02      -2.378122571242e-03       3.007630000000e+06      -3.007629699237e+00      -3.007630000000e-07       3.007630000000e+06      -3.007630000000e+06      -3.007630000000e-07       3.393281815613e+03 
       1.053918787543e-03      -9.793680422188e-02      -4.671631749993e-03       3.007630000000e+06      -3.007629699237e+00      -3.007630000000e-07       3.007630000000e+06      -3.007630000000e+06      -3.007630000000e-07       4.205854980493e+03 
       1.326805143606e-03      -1.913184671568e-01      -9.150526477754e-03       3.007630000000e+06      -3.007629699237e+00      -3.007630000000e-07       3.007630000000e+06      -3.007630000000e+06      -3.007630000000e-07       5.197946102867e+03 
       1.670348711784e-03      -3.719742614505e-01      -1.785325123432e-02       3.007630000000e+06      -3.007629699237e+00      -3.007630000000e-07       3.007630000000e+06      -3.007630000000e+06      -3.007630000000e-07       6.398865860408e+03 
       2.102844439823e-03      -7.187149015055e-01      -3.465245508183e-02       3.007630000000e+06      -3.007629699237e+00      -3.007630000000e-07       3.007630000000e+06      -3.007630000000e+06      -3.007630000000e-07       7.836455982395e+03 
       2.647324302343e-03      -1.377388611437e+00      -6.680502151168e-02       3.007630000000e+06      -3.007629699237e+00      -3.007630000000e-07       3.007630000000e+06      -3.007630000000e+06      -3.007630000000e-07       9.532236285906e+03 
       3.332783837480e-03      -2.612168385183e+00      -1.276800577527e-01       3.007630000000e+06      -3.007629699237e+00      -3.007630000000e-07       3.007630000000e+06      -3.007630000000e+06      -3.007630000000e-07       1.149499443992e+04 
       4.195726265021e-03      -4.888599856089e+00      -2.413922188865e-01       3.007630000000e+06      -3.007629699237e+00      -3.007630000000e-07       3.007630000000e+06      -3.007630000000e+06      -3.007630000000e-07       1.371225769779e+04 
       5.282106415967e-03      -8.997664389802e+00      -4.502671197187e-01       3.007630000000e+06      -3.007629699237e+00      -3.007630000000e-07       3.007630000000e+06      -3.007630000000e+06      -3.007630000000e-07       1.613823140615e+04 
       6.649777994862e-03      -1.621792465383e+01      -8.259912893757e-01       3.007630000000e+06      -3.007629699237e+00      -3.007630000000e-07       3.007630000000e+06      -3.007630000000e+06      -3.007630000000e-07       1.867932484685e+04 
       8.371574500521e-03      -2.847237024412e+01      -1.484242135391e+00       3.007630000000e+06      -3.007629699237e+00      -3.007630000000e-07       3.007630000000e+06      -3.007630000000e+06      -3.007630000000e-07       2.117826916109e+04 
       1.053918787543e-02      -4.833559977057e+01      -2.598995952886e+00       3.007630000000e+06      -3.007629699237e+00      -3.007630000000e-07       3.007630000000e+06      -3.007630000000e+06      -3.007630000000e-07       2.339867720002e+04 
       1.326805143606e-02      -7.854168168186e+01      -4.403885409264e+00       3.007630000000e+06      -3.007629699237e+00      -3.007630000000e-07       3.007630000000e+06      -3.007630000000e+06      -3.007630000000e-07       2.501622112185e+04 
       1.670348711782e-02      -1.203636746778e+02      -7.153268728331e+00       3.007630000000e+06      -3.007629699237e+00      -3.007630000000e-07       3.007630000000e+06      -3.007630000000e+06      -3.007630000000e-07       2.563836082455e+04 
       2.102844423000e-02      -1.701039451168e+02      -1.100096320462e+01       3.007630000000e+06      -3.007629699237e+00      -3.007630000000e-07       3.007630000000e+06      -3.007630000000e+06      -3.007630000000e-07       2.487806088128e+04 
       2.647311508759e-02      -2.145466773399e+02      -1.580817794339e+01       3.007630000000e+06      -3.007629699237e+00      -3.007630000000e-07       3.007630000000e+06      -3.007630000000e+06      -3.007630000000e-07       2.255651937483e+04 
       3.331014445964e-02      -2.318931159438e+02      -2.110989427482e+01       3.007630000000e+06      -3.007629699237e+00      -3.007630000000e-07       3.007630000000e+06      -3.007630000000e+06      -3.007630000000e-07       1.902539364374e+04 
       4.136885460944e-02      -2.135855603270e+02      -2.650897174932e+01       3.007630000000e+06      -3.007629699237e+00      -3.007630000000e-07       3.007630000000e+06      -3.007630000000e+06      -3.007630000000e-07       1.548980210171e+04 
       4.816661498511e-02      -1.937148952312e+02      -3.122036374156e+01       3.007630000000e+06      -3.007629699237e+00      -3.007630000000e-07       3.007630000000e+06      -3.007630000000e+06      -3.007630000000e-07       1.345692306216e+04 
       5.309592667177e-02      -1.876620738548e+02      -3.510358316826e+01       3.007630000000e+06      -3.007629699237e+00      -3.007630000000e-07       3.007630000000e+06      -3.007630000000e+06      -3.007630000000e-07       1.245168790106e+04 
       5.716027213130e-02      -1.887398434312e+02      -3.862219856157e+01       3.007630000000e+06      -3.007629699237e+00      -3.007630000000e-07       3.007630000000e+06      -3.007630000000e+06      -3.007630000000e-07       1.182082193728e+04 
       6.078887689376e-02      -1.921389017186e+02      -4.191363770146e+01       3.007630000000e+06      -3.007629699237e+00      -3.007630000000e-07       3.007630000000e+06      -3.007630000000e+06      -3.007630000000e-07       1.134244374138e+04 
       6.417301183884e-02      -1.943811868670e+02      -4.498568468273e+01       3.007630000000e+06      -3.007629699237e+00      -3.007630000000e-07       3.007630000000e+06      -3.007630000000e+06      -3.007630000000e-07       1.092367204088e+04 
       6.741388326782e-02      -1.926313816965e+02      -4.780002465703e+01       3.007630000000e+06      -3.007629699237e+00      -3.007630000000e-07       3.007630000000e+06      -3.007630000000e+06      -3.007630000000e-07       1.051787729372e+04 
       7.057216188573e-02      -1.845357664327e+02      -5.030365072736e+01       3.007630000000e+06      -3.007629699237e+00      -3.007630000000e-07       3.007630000000e+06      -3.007630000000e+06      -3.007630000000e-07       1.010024856826e+04 
       7.368769346297e-02      -1.682959393098e+02      -5.244685096631e+01       3.007630000000e+06      -3.007629699237e+00      -3.007630000000e-07       3.007630000000e+06      -3.007630000000e+06      -3.007630000000e-07       9.658954086255e+03 
       7.678855618444e-02      -1.427842789695e+02      -5.419471128505e+01       3.007630000000e+06      -3.007629699237e+00      -3.007630000000e-07       3.007630000000e+06      -3.007630000000e+06      -3.007630000000e-07       9.191021007091e+03 
       7.989569616866e-02      -1.076735684852e+02      -5.553577297418e+01       3.007630000000e+06      -3.007629699237e+00      -3.007630000000e-07       3.007630000000e+06      -3.007630000000e+06      -3.007630000000e-07       8.700171598820e+03 
       8.302550294513e-02      -6.363180402667e+01      -5.649191171059e+01       3.007630000000e+06      -3.007629699237e+00      -3.007630000000e-07       3.007630000000e+06      -3.007630000000e+06      -3.007630000000e-07       8.195326306703e+03 
       8.619133535352e-02      -1.224340871333e+01      -5.711713439706e+01       3.007630000000e+06      -3.007629699237e+00      -3.007630000000e-07       3.007630000000e+06      -3.007630000000e+06      -3.007630000000e-07       7.688457254399e+03 
       8.940447334071e-02       4.402150989224e+01      -5.749767356533e+01       3.007630000000e+06      -3.007629699237e+00      -3.007630000000e-07       3.007630000000e+06      -3.007630000000e+06      -3.007630000000e-07       7.193430769761e+03 
       9.267473708059e-02       1.019272874008e+02      -5.774948311251e+01       3.007630000000e+06      -3.007629699237e+00      -3.007630000000e-07       3.007630000000e+06      -3.007630000000e+06      -3.007630000000e-07       6.723990652060e+03 
       9.601090385039e-02       1.578745521548e+02      -5.800394205116e+01       3.007630000000e+06      -3.007629699237e+00      -3.007630000000e-07       3.007630000000e+06      -3.007630000000e+06      -3.007630000000e-07       6.292419843397e+03 
       9.942099686107e-02       2.081254493694e+02      -5.840072928812e+01       3.007630000000e+06      -3.007629699237e+00      -3.007630000000e-07       3.007630000000e+06      -3.007630000000e+06      -3.007630000000e-07       5.908311503952e+03 
       1.029124901290e-01       2.494354571512e+02      -5.906555704693e+01       3.007630000000e+06      -3.007629699237e+00      -3.007630000000e-07       3.007630000000e+06      -3.007630000000e+06      -3.007630000000e-07       5.576954992184e+03 
       1.064924565837e-01       2.792087576786e+02      -6.010376123323e+01       3.007630000000e+06      -3.007629699237e+00      -3.007630000000e-07       3.007630000000e+06      -3.007630000000e+06      -3.007630000000e-07       5.299841066665e+03 
       1.101676767479e-01       2.962607268299e+02      -6.157280739657e+01       3.007630000000e+06      -3.007629699237e+00      -3.007630000000e-07       3.007630000000e+06      -3.007630000000e+06      -3.007630000000e-07       5.073121141705e+03 
       1.139447193710e-01       3.009931737590e+02      -6.347392805309e+01       3.007630000000e+06      -3.007629699237e+00      -3.007630000000e-07       3.007630000000e+06      -3.007630000000e+06      -3.007630000000e-07       4.888845840513e+03 
       1.178300016993e-01       2.957186251764e+02      -6.573970353699e+01       3.007630000000e+06      -3.007629699237e+00      -3.007630000000e-07       3.007630000000e+06      -3.007630000000e+06      -3.007630000000e-07       4.734843680899e+03 
       1.218298347122e-01       2.849705789753e+02      -6.821961166018e+01       3.007630000000e+06      -3.007629699237e+00      -3.007630000000e-07       3.007630000000e+06      -3.007630000000e+06      -3.007630000000e-07       4.596229067074e+03 
       1.259504571236e-01       2.749312673902e+02      -7.070031570153e+01       3.007630000000e+06      -3.007629699237e+00      -3.007630000000e-07       3.007630000000e+06      -3.007630000000e+06      -3.007630000000e-07       4.456691343209e+03 
       1.301980609468e-01       2.728855153360e+02      -7.292112703197e+01       3.007630000000e+06      -3.007629699237e+00      -3.007630000000e-07       3.007630000000e+06      -3.007630000000e+06      -3.007630000000e-07       4.301749785694e+03 
       1.345788107502e-01       2.854825652054e+02      -7.463615485653e+01       3.007630000000e+06      -3.007629699237e+00      -3.007630000000e-07       3.007630000000e+06      -3.007630000000e+06      -3.007630000000e-07       4.120903353046e+03 
       1.390988582889e-01       3.173845306133e+02      -7.566016542340e+01       3.007630000000e+06      -3.007629699237e+00      -3.007630000000e-07       3.007630000000e+06      -3.007630000000e+06      -3.007630000000e-07       3.910479583465e+03 
       1.437643538992e-01       3.688760949388e+02      -7.595509397227e+01       3.007630000000e+06      -3.007629699237e+00      -3.007630000000e-07       3.007630000000e+06      -3.007630000000e+06      -3.007630000000e-07       3.674973625277e+03 
       1.485814558534e-01       4.360028006061e+02      -7.562703308635e+01       3.007630000000e+06      -3.007629699237e+00      -3.007630000000e-07       3.007630000000e+06      -3.007630000000e+06      -3.007630000000e-07       3.425824785780e+03 
       1.535563387398e-01       5.097943351029e+02      -7.496120998524e+01       3.007630000000e+06      -3.007629699237e+00      -3.007630000000e-07       3.007630000000e+06      -3.007630000000e+06      -3.007630000000e-07       3.179083322981e+03 
       1.586952018580e-01       5.789716767021e+02      -7.433045901883e+01       3.007630000000e+06      -3.007629699237e+00      -3.007630000000e-07       3.007630000000e+06      -3.007630000000e+06      -3.007630000000e-07       2.951558076108e+03 
       1.640042785656e-01       6.320552864377e+02      -7.413119105957e+01       3.007630000000e+06      -3.007629699237e+00      -3.007630000000e-07       3.007630000000e+06      -3.007630000000e+06      -3.007630000000e-07       2.756027108850e+03 
       1.694898474838e-01       6.611857127369e+02      -7.464927127431e+01       3.007630000000e+06      -3.007629699237e+00      -3.007630000000e-07       3.007630000000e+06      -3.007630000000e+06      -3.007630000000e-07       2.598602898469e+03 
       1.751582464469e-01       6.639980896122e+02      -7.599611699109e+01       3.007630000000e+06      -3.007629699237e+00      -3.007630000000e-07       3.007630000000e+06      -3.007630000000e+06      -3.007630000000e-07       2.476911610084e+03 
       1.810158900696e-01       6.459861097167e+02      -7.801619021608e+01       3.007630000000e+06      -3.007629699237e+00      -3.007630000000e-07       3.007630000000e+06      -3.007630000000e+06      -3.007630000000e-07       2.380953560148e+03 
       1.870692917951e-01       6.189292917286e+02      -8.033763841206e+01       3.007630000000e+06      -3.007629699237e+00      -3.007630000000e-07       3.007630000000e+06      -3.007630000000e+06      -3.007630000000e-07       2.295536806796e+03 
       1.933250912854e-01       6.002761693611e+02      -8.237962571992e+01       3.007630000000e+06      -3.007629699237e+00      -3.007630000000e-07       3.007630000000e+06      -3.007630000000e+06      -3.007630000000e-07       2.204197664120e+03 
       1.997900880147e-01       6.052193271666e+02      -8.361976634009e+01       3.007630000000e+06      -3.007629699237e+00      -3.007630000000e-07       3.007630000000e+06      -3.007630000000e+06      -3.007630000000e-07       2.094861361373e+03 
       2.064712819438e-01       6.395844233049e+02      -8.382520544906e+01       3.007630000000e+06      -3.007629699237e+00      -3.007630000000e-07       3.007630000000e+06      -3.007630000000e+06      -3.007630000000e-07       1.966461771769e+03 
       2.133759221837e-01       6.966622399779e+02      -8.317558154630e+01       3.007630000000e+06      -3.007629699237e+00      -3.007630000000e-07       3.007630000000e+06      -3.007630000000e+06      -3.007630000000e-07       1.826882767720e+03 
       2.205115646163e-01       7.580128680946e+02      -8.224289482861e+01       3.007630000000e+06      -3.007629699237e+00      -3.007630000000e-07       3.007630000000e+06      -3.007630000000e+06      -3.007630000000e-07       1.691441330503e+03 
       2.278861395380e-01       8.045602262072e+02      -8.165246813548e+01       3.007630000000e+06      -3.007629699237e+00      -3.007630000000e-07       3.007630000000e+06      -3.007630000000e+06      -3.007630000000e-07       1.572271678251e+03 
       2.355080305422e-01       8.212118221302e+02      -8.192127182932e+01       3.007630000000e+06      -3.007629699237e+00      -3.007630000000e-07       3.007630000000e+06      -3.007630000000e+06      -3.007630000000e-07       1.476980908541e+03 
       2.433861660729e-01       8.091324797575e+02      -8.305399356499e+01       3.007630000000e+06      -3.007629699237e+00      -3.007630000000e-07       3.007630000000e+06      -3.007630000000e+06      -3.007630000000e-07       1.401988107509e+03 
       2.515301253921e-01       7.810063714173e+02      -8.467458304066e+01       3.007630000000e+06      -3.007629699237e+00      -3.007630000000e-07       3.007630000000e+06      -3.007630000000e+06      -3.007630000000e-07       1.338279238199e+03 
       2.599502611228e-01       7.616796109590e+02      -8.599163886748e+01       3.007630000000e+06      -3.007629699237e+00      -3.007630000000e-07       3.007630000000e+06      -3.007630000000e+06      -3.007630000000e-07       1.272567347950e+03 
       2.686578411025e-01       7.664034179131e+02      -8.649401466439e+01       3.007630000000e+06      -3.007629699237e+00      -3.007630000000e-07       3.007630000000e+06      -3.007630000000e+06      -3.007630000000e-07       1.198348541016e+03 
       2.776652130364e-01       7.981255536135e+02      -8.604558114840e+01       3.007630000000e+06      -3.007629699237e+00      -3.007630000000e-07       3.007630000000e+06      -3.007630000000e+06      -3.007630000000e-07       1.116204146957e+03 
       2.869859964475e-01       8.367127649393e+02      -8.525871455980e+01       3.007630000000e+06      -3.007629699237e+00      -3.007630000000e-07       3.007630000000e+06      -3.007630000000e+06      -3.007630000000e-07       1.035158295035e+03 
       2.966353077477e-01       8.582690421550e+02      -8.488632961780e+01       3.007630000000e+06      -3.007629699237e+00      -3.007630000000e-07       3.007630000000e+06      -3.007630000000e+06      -3.007630000000e-07       9.647165992349e+02 
       3.066300260112e-01       8.535692871748e+02      -8.525622436359e+01       3.007630000000e+06      -3.007629699237e+00      -3.007630000000e-07       3.007630000000e+06      -3.007630000000e+06      -3.007630000000e-07       9.066793223751e+02 
       3.169891093796e-01       8.307883594899e+02      -8.614412528230e+01       3.007630000000e+06      -3.007629699237e+00      -3.007630000000e-07       3.007630000000e+06      -3.007630000000e+06      -3.007630000000e-07       8.572639117357e+02 
       3.277339751681e-01       8.156889804358e+02      -8.675523333402e+01       3.007630000000e+06      -3.007629699237e+00      -3.007630000000e-07       3.007630000000e+06      -3.007630000000e+06      -3.007630000000e-07       8.077330324872e+02 
       3.388889610125e-01       8.186944381032e+02      -8.674258922192e+01       3.007630000000e+06      -3.007629699237e+00      -3.007630000000e-07       3.007630000000e+06      -3.007630000000e+06      -3.007630000000e-07       7.553032641359e+02 
       3.504818902473e-01       8.360487343345e+02      -8.618996124295e+01       3.007630000000e+06      -3.007629699237e+00      -3.007630000000e-07       3.007630000000e+06      -3.007630000000e+06      -3.007630000000e-07       7.017466729075e+02 
       3.625447728490e-01       8.455843396063e+02      -8.578067064818e+01       3.007630000000e+06      -3.007629699237e+00      -3.007630000000e-07       3.007630000000e+06      -3.007630000000e+06      -3.007630000000e-07       6.525694287927e+02 
       3.751146847558e-01       8.354316936244e+02      -8.589711713976e+01       3.007630000000e+06      -3.007629699237e+00      -3.007630000000e-07       3.007630000000e+06      -3.007630000000e+06      -3.007630000000e-07       6.104214013254e+02 
       3.882348848407e-01       8.189102413866e+02      -8.615710449931e+01       3.007630000000e+06      -3.007629699237e+00      -3.007630000000e-07       3.007630000000e+06      -3.007630000000e+06      -3.007630000000e-07       5.716051091863e+02 
       4.019562528021e-01       8.085736218448e+02      -8.617169393412e+01       3.007630000000e+06      -3.007629699237e+00      -3.007630000000e-07       3.007630000000e+06      -3.007630000000e+06      -3.007630000000e-07       5.333492275240e+02 
       4.163391668784e-01       8.099119982064e+02      -8.574998366244e+01       3.007630000000e+06      -3.007629699237e+00      -3.007630000000e-07       3.007630000000e+06      -3.007630000000e+06      -3.007630000000e-07       4.947472492232e+02 
       4.314559942899e-01       8.074235428765e+02      -8.535887039295e+01       3.007630000000e+06      -3.007629699237e+00      -3.007630000000e-07       3.007630000000e+06      -3.007630000000e+06      -3.007630000000e-07       4.584994612866e+02 
       4.473944509880e-01       7.936153783233e+02      -8.523270907005e+01       3.007630000000e+06      -3.007629699237e+00      -3.007630000000e-07       3.007630000000e+06      -3.007630000000e+06      -3.007630000000e-07       4.258115092451e+02 
       4.642622201314e-01       7.791497802131e+02      -8.505946443010e+01       3.007630000000e+06      -3.007629699237e+00      -3.007630000000e-07       3.007630000000e+06      -3.007630000000e+06      -3.007630000000e-07       3.946419903342e+02 
       4.821934354078e-01       7.684917085934e+02      -8.469254987485e+01       3.007630000000e+06      -3.007629699237e+00      -3.007630000000e-07       3.007630000000e+06      -3.007630000000e+06      -3.007630000000e-07       3.642586117162e+02 
       5.013579996608e-01       7.588853556371e+02      -8.420085647548e+01       3.007630000000e+06      -3.007629699237e+00      -3.007630000000e-07       3.007630000000e+06      -3.007630000000e+06      -3.007630000000e-07       3.349853251545e+02 
       5.219753429807e-01       7.421331030211e+02      -8.383066945161e+01       3.007630000000e+06      -3.007629699237e+00      -3.007630000000e-07       3.007630000000e+06      -3.007630000000e+06      -3.007630000000e-07       3.076633606524e+02 
       5.443353695948e-01       7.247135464863e+02      -8.338101708381e+01       3.007630000000e+06      -3.007629699237e+00      -3.007630000000e-07       3.007630000000e+06      -3.007630000000e+06      -3.007630000000e-07       2.814217370667e+02 
       5.688315040792e-01       7.090440863911e+02      -8.276223321847e+01       3.007630000000e+06      -3.007629699237e+00      -3.007630000000e-07       3.007630000000e+06      -3.007630000000e+06      -3.007630000000e-07       2.557729540984e+02 
       5.960150320369e-01       6.879868525829e+02      -8.216413682425e+01       3.007630000000e+06      -3.007629699237e+00      -3.007630000000e-07       3.007630000000e+06      -3.007630000000e+06      -3.007630000000e-07       2.312948121746e+02 
       6.266889140924e-01       6.666434203702e+02      -8.141049557746e+01       3.007630000000e+06      -3.007629699237e+00      -3.007630000000e-07       3.007630000000e+06      -3.007630000000e+06      -3.007630000000e-07       2.072916376340e+02 
       6.620793148496e-01       6.415303646675e+02      -8.055551628891e+01       3.007630000000e+06      -3.007629699237e+00      -3.007630000000e-07       3.007630000000e+06      -3.007630000000e+06      -3.007630000000e-07       1.837680089885e+02 
       7.041710860999e-01       6.130895396326e+02      -7.951883944772e+01       3.007630000000e+06      -3.007629699237e+00      -3.007630000000e-07       3.007630000000e+06      -3.007630000000e+06      -3.007630000000e-07       1.603669814145e+02 
       7.564162908969e-01       5.790258687423e+02      -7.824600724169e+01       3.007630000000e+06      -3.007629699237e+00      -3.007630000000e-07       3.007630000000e+06      -3.007630000000e+06      -3.007630000000e-07       1.367542951885e+02 
       8.253512520039e-01       5.373604032942e+02      -7.658664472254e+01       3.007630000000e+06      -3.007629699237e+00      -3.007630000000e-07       3.007630000000e+06      -3.007630000000e+06      -3.007630000000e-07       1.124278152323e+02 
       9.244174391603e-01       4.835531097454e+02      -7.427826968039e+01       3.007630000000e+06      -3.007629699237e+00      -3.007630000000e-07       3.007630000000e+06      -3.007630000000e+06      -3.007630000000e-07       8.692086742071e+01 
       1.081054574453e+00       4.116366109274e+02      -7.087068102932e+01       3.007630000000e+06      -3.007629699237e+00      -3.007630000000e-07       3.007630000000e+06      -3.007630000000e+06      -3.007630000000e-07       6.064145763726e+01 
       1.330420137806e+00       3.235649008061e+02      -6.606674097004e+01       3.007630000000e+06      -3.007629699237e+00      -3.007630000000e-07       3.007630000000e+06      -3.007630000000e+06      -3.007630000000e-07       3.732545944245e+01 
       1.672107132583e+00       2.375261650050e+02      -6.057274551041e+01       3.007630000000e+06      -3.007629699237e+00      -3.007630000000e-07       3.007630000000e+06      -3.007630000000e+06      -3.007630000000e-07       2.166451099132e+01 
       2.105005058756e+00       1.588586956257e+02      -5.499818899606e+01       3.007630000000e+06      -3.007629699237e+00      -3.007630000000e-07       3.007630000000e+06      -3.007630000000e+06      -3.007630000000e-07       1.241199804596e+01 
       2.650044162511e+00       8.026372715884e+01      -4.952519365173e+01       3.007630000000e+06      -3.007629699237e+00      -3.007630000000e-07       3.007630000000e+06      -3.007630000000e+06      -3.007630000000e-07       7.052112760375e+00 
       3.336207938458e+00       1.424003403739e+01      -4.426456515885e+01       3.007630000000e+06      -3.007629699237e+00      -3.007630000000e-07       3.007630000000e+06      -3.007630000000e+06      -3.007630000000e-07       3.976938843277e+00 
       4.200036952755e+00       3.947944162625e-02      -3.929470283554e+01       3.007630000000e+06      -3.007629699237e+00      -3.007630000000e-07       3.007630000000e+06      -3.007630000000e+06      -3.007630000000e-07       2.227544261070e+00 
       5.287533250297e+00      -8.070032606235e-06      -3.466766252421e+01       3.007630000000e+06      -3.007629699237e+00      -3.007630000000e-07       3.007630000000e+06      -3.007630000000e+06      -3.007630000000e-07       1.239985264412e+00 
       6.656609974506e+00      -5.945689273813e-08      -3.041283544932e+01       3.007630000000e+06      -3.007629699237e+00      -3.007630000000e-07       3.007630000000e+06      -3.007630000000e+06      -3.007630000000e-07       6.863545806666e-01 
       8.380175453308e+00      -4.289144126233e-10      -2.654234378639e+01       3.007630000000e+06      -3.007629699237e+00      -3.007630000000e-07       3.007630000000e+06      -3.007630000000e+06      -3.007630000000e-07       3.779467465634e-01 
       1.055001583346e+01      -4.103135324840e-12      -2.305387620552e+01       3.007630000000e+06      -3.007629699237e+00      -3.007630000000e-07       3.007630000000e+06      -3.007630000000e+06      -3.007630000000e-07       2.071262237115e-01 
       1.328168302758e+01       1.094169419957e-12      -1.993560229375e+01       3.007630000000e+06      -3.007629699237e+00      -3.007630000000e-07       3.007630000000e+06      -3.007630000000e+06      -3.007630000000e-07       1.130109096699e-01 
       1.672064827481e+01       1.094169419957e-12      -1.716827812868e+01       3.007630000000e+06      -3.007629699237e+00      -3.007630000000e-07       3.007630000000e+06      -3.007630000000e+06      -3.007630000000e-07       6.140697861845e-02 
       2.105004901483e+01       1.094169419957e-12      -1.472769350366e+01       3.007630000000e+06      -3.007629699237e+00      -3.007630000000e-07       3.007630000000e+06      -3.007630000000e+06      -3.007630000000e-07       3.323730555848e-02 
       2.650044162429e+01       1.094169419957e-12      -1.258734235100e+01       3.007630000000e+06      -3.007629699237e+00      -3.007630000000e-07       3.007630000000e+06      -3.007630000000e+06      -3.007630000000e-07       1.792360244306e-02 
       3.336207938458e+01       1.094169419957e-12      -1.071927037070e+01       3.007630000000e+06      -3.007629699237e+00      -3.007630000000e-07       3.007630000000e+06      -3.007630000000e+06      -3.007630000000e-07       9.630675810511e-03 
       4.200036952755e+01       1.094169419957e-12      -9.095253176007e+00       3.007630000000e+06      -3.007629699237e+00      -3.007630000000e-07       3.007630000000e+06      -3.007630000000e+06      -3.007630000000e-07       5.155926177904e-03 
       5.287533250297e+01       1.094169419957e-12      -7.687740797377e+00       3.007630000000e+06      -3.007629699237e+00      -3.007630000000e-07       3.007630000000e+06      -3.007630000000e+06      -3.007630000000e-07       2.749736269316e-03 
       6.656609974506e+01       1.094169419957e-12      -6.470324492829e+00       3.007630000000e+06      -3.007629699237e+00      -3.007630000000e-07       3.007630000000e+06      -3.007630000000e+06      -3.007630000000e-07       1.460221749306e-03 
       8.380175453308e+01       1.094169419957e-12      -5.418349108329e+00       3.007630000000e+06      -3.007629699237e+00      -3.007630000000e-07       3.007630000000e+06      -3.007630000000e+06      -3.007630000000e-07       7.715383067784e-04 
       1.055001583346e+02       1.094169419957e-12      -4.508507675643e+00       3.007630000000e+06      -3.007629699237e+00      -3.007630000000e-07       3.007630000000e+06      -3.007630000000e+06      -3.007630000000e-07       4.050667453936e-04 
