# PT power spectra for matter and bias tracers P, P_CTR (for c_s^2 = 1 (Mpc/h)^2 ), Id2d2, Id2, IG2, Id2G2, IG2G2, IFG2, P_Tree at redshift z=0.5
# for k=1.05392e-05 to 105.5 h/Mpc,
# number of wavenumbers equal to 132
#    1:k (h/Mpc)              2:P_1loop (Mpc/h)^3      3:P_CTR (Mpc/h)^3        4:Id2d2 (Mpc/h)^3        5:Id2 (Mpc/h)^3          6:IG2 (Mpc/h)^3          7:Id2G2 (Mpc/h)^3        8:IG2G2 (Mpc/h)^3        9:IFG2 (Mpc/h)^3        10:P_Tree (Mpc/h)^3   
       1.053918787543e-05      -4.182626733200e-08      -3.348685478830e-09       3.007630000000e+06      -3.007629699237e+00      -3.007630000000e-07       3.007630000000e+06      -3.007630000000e+06      -3.007630000000e-07       3.014810824647e+01 
       1.326805143606e-05      -8.272413191116e-08      -6.623136572056e-09       3.007630000000e+06      -3.007629699237e+00      -3.007630000000e-07       3.007630000000e+06      -3.007630000000e+06      -3.007630000000e-07       3.762265304540e+01 
       1.670348711784e-05      -1.636138887898e-07      -1.309944081511e-08       3.007630000000e+06      -3.007629699237e+00      -3.007630000000e-07       3.007630000000e+06      -3.007630000000e+06      -3.007630000000e-07       4.695030999314e+01 
       2.102844439823e-05      -3.236017001218e-07      -2.590843832274e-08       3.007630000000e+06      -3.007629699237e+00      -3.007630000000e-07       3.007630000000e+06      -3.007630000000e+06      -3.007630000000e-07       5.859046475429e+01 
       2.647324302343e-05      -6.400292048993e-07      -5.124232443975e-08       3.007630000000e+06      -3.007629699237e+00      -3.007630000000e-07       3.007630000000e+06      -3.007630000000e+06      -3.007630000000e-07       7.311635434656e+01 
       3.332783837480e-05      -1.265858826151e-06      -1.013479586738e-07       3.007630000000e+06      -3.007629699237e+00      -3.007630000000e-07       3.007630000000e+06      -3.007630000000e+06      -3.007630000000e-07       9.124324299703e+01 
       4.195726265021e-05      -2.503624578902e-06      -2.004467196030e-07       3.007630000000e+06      -3.007629699237e+00      -3.007630000000e-07       3.007630000000e+06      -3.007630000000e+06      -3.007630000000e-07       1.138635343492e+02 
       5.282106415967e-05      -4.949833164577e-06      -3.964622717765e-07       3.007630000000e+06      -3.007629699237e+00      -3.007630000000e-07       3.007630000000e+06      -3.007630000000e+06      -3.007630000000e-07       1.420904552279e+02 
       6.649777994862e-05      -9.788078828572e-06      -7.840687446927e-07       3.007630000000e+06      -3.007629699237e+00      -3.007630000000e-07       3.007630000000e+06      -3.007630000000e+06      -3.007630000000e-07       1.773127128602e+02 
       8.371574500521e-05      -1.935554848327e-05      -1.550672564595e-06       3.007630000000e+06      -3.007629699237e+00      -3.007630000000e-07       3.007630000000e+06      -3.007630000000e+06      -3.007630000000e-07       2.212614787235e+02 
       1.053918787543e-04      -3.827218266604e-05      -3.066705160434e-06       3.007630000000e+06      -3.007629699237e+00      -3.007630000000e-07       3.007630000000e+06      -3.007630000000e+06      -3.007630000000e-07       2.760944843696e+02 
       1.326805143606e-04      -7.566904101136e-05      -6.064594872935e-06       3.007630000000e+06      -3.007629699237e+00      -3.007630000000e-07       3.007630000000e+06      -3.007630000000e+06      -3.007630000000e-07       3.444986312864e+02 
       1.670348711784e-04      -1.495863772342e-04      -1.199213878221e-05       3.007630000000e+06      -3.007629699237e+00      -3.007630000000e-07       3.007630000000e+06      -3.007630000000e+06      -3.007630000000e-07       4.298157758732e+02 
       2.102844439823e-04      -2.956495664115e-04      -2.371027628325e-05       3.007630000000e+06      -3.007629699237e+00      -3.007630000000e-07       3.007630000000e+06      -3.007630000000e+06      -3.007630000000e-07       5.361944566383e+02 
       2.647324302343e-04      -5.841619072750e-04      -4.686954382576e-05       3.007630000000e+06      -3.007629699237e+00      -3.007630000000e-07       3.007630000000e+06      -3.007630000000e+06      -3.007630000000e-07       6.687694576226e+02 
       3.332783837480e-04      -1.153719047930e-03      -9.262143418198e-05       3.007630000000e+06      -3.007629699237e+00      -3.007630000000e-07       3.007630000000e+06      -3.007630000000e+06      -3.007630000000e-07       8.338678013325e+02 
       4.195726265021e-04      -2.277141788146e-03      -1.829479057811e-04       3.007630000000e+06      -3.007629699237e+00      -3.007630000000e-07       3.007630000000e+06      -3.007630000000e+06      -3.007630000000e-07       1.039233514167e+03 
       5.282106415967e-04      -4.490320546483e-03      -3.611051440753e-04       3.007630000000e+06      -3.007629699237e+00      -3.007630000000e-07       3.007630000000e+06      -3.007630000000e+06      -3.007630000000e-07       1.294253578835e+03 
       6.649777994862e-04      -8.842721460204e-03      -7.120028981446e-04       3.007630000000e+06      -3.007629699237e+00      -3.007630000000e-07       3.007630000000e+06      -3.007630000000e+06      -3.007630000000e-07       1.610154160464e+03 
       8.371574500521e-04      -1.738115221802e-02      -1.401749514920e-03       3.007630000000e+06      -3.007629699237e+00      -3.007630000000e-07       3.007630000000e+06      -3.007630000000e+06      -3.007630000000e-07       2.000120261141e+03 
       1.053918787543e-03      -3.407573164739e-02      -2.753828821053e-03       3.007630000000e+06      -3.007629699237e+00      -3.007630000000e-07       3.007630000000e+06      -3.007630000000e+06      -3.007630000000e-07       2.479263195904e+03 
       1.326805143606e-03      -6.657113651242e-02      -5.394407747231e-03       3.007630000000e+06      -3.007629699237e+00      -3.007630000000e-07       3.007630000000e+06      -3.007630000000e+06      -3.007630000000e-07       3.064287153288e+03 
       1.670348711784e-03      -1.294410081020e-01      -1.052553749728e-02       3.007630000000e+06      -3.007629699237e+00      -3.007630000000e-07       3.007630000000e+06      -3.007630000000e+06      -3.007630000000e-07       3.772506288454e+03 
       2.102844439823e-03      -2.501188399613e-01      -2.043105843588e-02       3.007630000000e+06      -3.007629699237e+00      -3.007630000000e-07       3.007630000000e+06      -3.007630000000e+06      -3.007630000000e-07       4.620367871349e+03 
       2.647324302343e-03      -4.793792585950e-01      -3.939106904981e-02       3.007630000000e+06      -3.007629699237e+00      -3.007630000000e-07       3.007630000000e+06      -3.007630000000e+06      -3.007630000000e-07       5.620610086476e+03 
       3.332783837480e-03      -9.091992962392e-01      -7.529138560291e-02       3.007630000000e+06      -3.007629699237e+00      -3.007630000000e-07       3.007630000000e+06      -3.007630000000e+06      -3.007630000000e-07       6.778459173566e+03 
       4.195726265021e-03      -1.701687994134e+00      -1.423576650012e-01       3.007630000000e+06      -3.007629699237e+00      -3.007630000000e-07       3.007630000000e+06      -3.007630000000e+06      -3.007630000000e-07       8.086611064512e+03 
       5.282106415967e-03      -3.132331974629e+00      -2.655628962808e-01       3.007630000000e+06      -3.007629699237e+00      -3.007630000000e-07       3.007630000000e+06      -3.007630000000e+06      -3.007630000000e-07       9.518162186868e+03 
       6.649777994862e-03      -5.646494116041e+00      -4.872078485458e-01       3.007630000000e+06      -3.007629699237e+00      -3.007630000000e-07       3.007630000000e+06      -3.007630000000e+06      -3.007630000000e-07       1.101792934985e+04 
       8.371574500521e-03      -9.914145908900e+00      -8.755610920433e-01       3.007630000000e+06      -3.007629699237e+00      -3.007630000000e-07       3.007630000000e+06      -3.007630000000e+06      -3.007630000000e-07       1.249315595633e+04 
       1.053918787543e-02      -1.683275671051e+01      -1.533332283482e+00       3.007630000000e+06      -3.007629699237e+00      -3.007630000000e-07       3.007630000000e+06      -3.007630000000e+06      -3.007630000000e-07       1.380454136584e+04 
       1.326805143606e-02      -2.735588716004e+01      -2.598475798549e+00       3.007630000000e+06      -3.007629699237e+00      -3.007630000000e-07       3.007630000000e+06      -3.007630000000e+06      -3.007630000000e-07       1.476061230752e+04 
       1.670348711782e-02      -4.192889996946e+01      -4.221238311991e+00       3.007630000000e+06      -3.007629699237e+00      -3.007630000000e-07       3.007630000000e+06      -3.007630000000e+06      -3.007630000000e-07       1.512953517885e+04 
       2.102844423000e-02      -5.926697622984e+01      -6.492661431776e+00       3.007630000000e+06      -3.007629699237e+00      -3.007630000000e-07       3.007630000000e+06      -3.007630000000e+06      -3.007630000000e-07       1.468278943912e+04 
       2.647311508759e-02      -7.476497868397e+01      -9.330800696474e+00       3.007630000000e+06      -3.007629699237e+00      -3.007630000000e-07       3.007630000000e+06      -3.007630000000e+06      -3.007630000000e-07       1.331401931183e+04 
       3.331014445964e-02      -8.081640331341e+01      -1.246038828964e+01       3.007630000000e+06      -3.007629699237e+00      -3.007630000000e-07       3.007630000000e+06      -3.007630000000e+06      -3.007630000000e-07       1.122998487852e+04 
       4.136885460944e-02      -7.441578755548e+01      -1.564530600727e+01       3.007630000000e+06      -3.007629699237e+00      -3.007630000000e-07       3.007630000000e+06      -3.007630000000e+06      -3.007630000000e-07       9.141912303181e+03 
       4.816661498511e-02      -6.746704038276e+01      -1.842409678733e+01       3.007630000000e+06      -3.007629699237e+00      -3.007630000000e-07       3.007630000000e+06      -3.007630000000e+06      -3.007630000000e-07       7.941344208422e+03 
       5.309592667177e-02      -6.536299591718e+01      -2.071630394786e+01       3.007630000000e+06      -3.007629699237e+00      -3.007630000000e-07       3.007630000000e+06      -3.007630000000e+06      -3.007630000000e-07       7.348336768706e+03 
       5.716027213130e-02      -6.576581350985e+01      -2.279498968481e+01       3.007630000000e+06      -3.007629699237e+00      -3.007630000000e-07       3.007630000000e+06      -3.007630000000e+06      -3.007630000000e-07       6.976700567020e+03 
       6.078887689376e-02      -6.699442298198e+01      -2.474089379266e+01       3.007630000000e+06      -3.007629699237e+00      -3.007630000000e-07       3.007630000000e+06      -3.007630000000e+06      -3.007630000000e-07       6.695247941961e+03 
       6.417301183884e-02      -6.783120342745e+01      -2.655821398966e+01       3.007630000000e+06      -3.007629699237e+00      -3.007630000000e-07       3.007630000000e+06      -3.007630000000e+06      -3.007630000000e-07       6.449011772119e+03 
       6.741388326782e-02      -6.728012873331e+01      -2.822378201186e+01       3.007630000000e+06      -3.007629699237e+00      -3.007630000000e-07       3.007630000000e+06      -3.007630000000e+06      -3.007630000000e-07       6.210337366741e+03 
       7.057216188573e-02      -6.451437117233e+01      -2.970584982845e+01       3.007630000000e+06      -3.007629699237e+00      -3.007630000000e-07       3.007630000000e+06      -3.007630000000e+06      -3.007630000000e-07       5.964506273297e+03 
       7.368769346297e-02      -5.889915976766e+01      -3.097451564436e+01       3.007630000000e+06      -3.007629699237e+00      -3.007630000000e-07       3.007630000000e+06      -3.007630000000e+06      -3.007630000000e-07       5.704468929379e+03 
       7.678855618444e-02      -5.003299760842e+01      -3.200857708671e+01       3.007630000000e+06      -3.007629699237e+00      -3.007630000000e-07       3.007630000000e+06      -3.007630000000e+06      -3.007630000000e-07       5.428417258099e+03 
       7.989569616866e-02      -3.779543181261e+01      -3.280081388145e+01       3.007630000000e+06      -3.007629699237e+00      -3.007630000000e-07       3.007630000000e+06      -3.007630000000e+06      -3.007630000000e-07       5.138538159138e+03 
       8.302550294513e-02      -2.241249572584e+01      -3.336365898426e+01       3.007630000000e+06      -3.007629699237e+00      -3.007630000000e-07       3.007630000000e+06      -3.007630000000e+06      -3.007630000000e-07       4.840092892637e+03 
       8.619133535352e-02      -4.433824488143e+00      -3.372878392944e+01       3.007630000000e+06      -3.007629699237e+00      -3.007630000000e-07       3.007630000000e+06      -3.007630000000e+06      -3.007630000000e-07       4.540184246877e+03 
       8.940447334071e-02       1.527650890050e+01      -3.394725507029e+01       3.007630000000e+06      -3.007629699237e+00      -3.007630000000e-07       3.007630000000e+06      -3.007630000000e+06      -3.007630000000e-07       4.247080434340e+03 
       9.267473708059e-02       3.558337229038e+01      -3.408796024631e+01       3.007630000000e+06      -3.007629699237e+00      -3.007630000000e-07       3.007630000000e+06      -3.007630000000e+06      -3.007630000000e-07       3.968990600587e+03 
       9.601090385039e-02       5.521951574828e+01      -3.422924140707e+01       3.007630000000e+06      -3.007629699237e+00      -3.007630000000e-07       3.007630000000e+06      -3.007630000000e+06      -3.007630000000e-07       3.713278106861e+03 
       9.942099686107e-02       7.286301561514e+01      -3.445475892233e+01       3.007630000000e+06      -3.007629699237e+00      -3.007630000000e-07       3.007630000000e+06      -3.007630000000e+06      -3.007630000000e-07       3.485735345837e+03 
       1.029124901290e-01       8.736028828100e+01      -3.484017590390e+01       3.007630000000e+06      -3.007629699237e+00      -3.007630000000e-07       3.007630000000e+06      -3.007630000000e+06      -3.007630000000e-07       3.289600560206e+03 
       1.064924565837e-01       9.778272956236e+01      -3.544921814811e+01       3.007630000000e+06      -3.007629699237e+00      -3.007630000000e-07       3.007630000000e+06      -3.007630000000e+06      -3.007630000000e-07       3.125848294975e+03 
       1.101676767479e-01       1.036970871959e+02      -3.631716166435e+01       3.007630000000e+06      -3.007629699237e+00      -3.007630000000e-07       3.007630000000e+06      -3.007630000000e+06      -3.007630000000e-07       2.992251597452e+03 
       1.139447193710e-01       1.052315169678e+02      -3.744558347106e+01       3.007630000000e+06      -3.007629699237e+00      -3.007630000000e-07       3.007630000000e+06      -3.007630000000e+06      -3.007630000000e-07       2.884108397251e+03 
       1.178300016993e-01       1.031922120370e+02      -3.879480622880e+01       3.007630000000e+06      -3.007629699237e+00      -3.007630000000e-07       3.007630000000e+06      -3.007630000000e+06      -3.007630000000e-07       2.794160196020e+03 
       1.218298347122e-01       9.917943428515e+01      -4.027486114517e+01       3.007630000000e+06      -3.007629699237e+00      -3.007630000000e-07       3.007630000000e+06      -3.007630000000e+06      -3.007630000000e-07       2.713478939984e+03 
       1.259504571236e-01       9.538550143398e+01      -4.175761872056e+01       3.007630000000e+06      -3.007629699237e+00      -3.007630000000e-07       3.007630000000e+06      -3.007630000000e+06      -3.007630000000e-07       2.632247389594e+03 
       1.301980609468e-01       9.440792473416e+01      -4.308567491338e+01       3.007630000000e+06      -3.007629699237e+00      -3.007630000000e-07       3.007630000000e+06      -3.007630000000e+06      -3.007630000000e-07       2.541701951704e+03 
       1.345788107502e-01       9.862889609973e+01      -4.410991919263e+01       3.007630000000e+06      -3.007629699237e+00      -3.007630000000e-07       3.007630000000e+06      -3.007630000000e+06      -3.007630000000e-07       2.435450506347e+03 
       1.390988582889e-01       1.097360398262e+02      -4.471707512112e+01       3.007630000000e+06      -3.007629699237e+00      -3.007630000000e-07       3.007630000000e+06      -3.007630000000e+06      -3.007630000000e-07       2.311193327321e+03 
       1.437643538992e-01       1.278608592407e+02      -4.488248725662e+01       3.007630000000e+06      -3.007629699237e+00      -3.007630000000e-07       3.007630000000e+06      -3.007630000000e+06      -3.007630000000e-07       2.171571953161e+03 
       1.485814558534e-01       1.516230245101e+02      -4.466858789197e+01       3.007630000000e+06      -3.007629699237e+00      -3.007630000000e-07       3.007630000000e+06      -3.007630000000e+06      -3.007630000000e-07       2.023441584373e+03 
       1.535563387398e-01       1.778330691041e+02      -4.424718011347e+01       3.007630000000e+06      -3.007629699237e+00      -3.007630000000e-07       3.007630000000e+06      -3.007630000000e+06      -3.007630000000e-07       1.876510956966e+03 
       1.586952018580e-01       2.024503151775e+02      -4.384458515490e+01       3.007630000000e+06      -3.007629699237e+00      -3.007630000000e-07       3.007630000000e+06      -3.007630000000e+06      -3.007630000000e-07       1.741009784238e+03 
       1.640042785656e-01       2.213125184102e+02      -4.370424031419e+01       3.007630000000e+06      -3.007629699237e+00      -3.007630000000e-07       3.007630000000e+06      -3.007630000000e+06      -3.007630000000e-07       1.624821817597e+03 
       1.694898474838e-01       2.315531111501e+02      -4.400258047992e+01       3.007630000000e+06      -3.007629699237e+00      -3.007630000000e-07       3.007630000000e+06      -3.007630000000e+06      -3.007630000000e-07       1.531766166124e+03 
       1.751582464469e-01       2.322818145631e+02      -4.480974695271e+01       3.007630000000e+06      -3.007629699237e+00      -3.007630000000e-07       3.007630000000e+06      -3.007630000000e+06      -3.007630000000e-07       1.460466253499e+03 
       1.810158900696e-01       2.254264080289e+02      -4.603370847453e+01       3.007630000000e+06      -3.007629699237e+00      -3.007630000000e-07       3.007630000000e+06      -3.007630000000e+06      -3.007630000000e-07       1.404889165041e+03 
       1.870692917951e-01       2.152070630010e+02      -4.744888654202e+01       3.007630000000e+06      -3.007629699237e+00      -3.007630000000e-07       3.007630000000e+06      -3.007630000000e+06      -3.007630000000e-07       1.355779486480e+03 
       1.933250912854e-01       2.080356017719e+02      -4.869388782570e+01       3.007630000000e+06      -3.007629699237e+00      -3.007630000000e-07       3.007630000000e+06      -3.007630000000e+06      -3.007630000000e-07       1.302883815306e+03 
       1.997900880147e-01       2.095224066647e+02      -4.944227169694e+01       3.007630000000e+06      -3.007629699237e+00      -3.007630000000e-07       3.007630000000e+06      -3.007630000000e+06      -3.007630000000e-07       1.238638331400e+03 
       2.064712819438e-01       2.218343063630e+02      -4.954794424622e+01       3.007630000000e+06      -3.007629699237e+00      -3.007630000000e-07       3.007630000000e+06      -3.007630000000e+06      -3.007630000000e-07       1.162353076861e+03 
       2.133759221837e-01       2.425257442057e+02      -4.912186881504e+01       3.007630000000e+06      -3.007629699237e+00      -3.007630000000e-07       3.007630000000e+06      -3.007630000000e+06      -3.007630000000e-07       1.078921835220e+03 
       2.205115646163e-01       2.648285509551e+02      -4.851984321926e+01       3.007630000000e+06      -3.007629699237e+00      -3.007630000000e-07       3.007630000000e+06      -3.007630000000e+06      -3.007630000000e-07       9.978822000243e+02 
       2.278861395380e-01       2.816990481770e+02      -4.813313435515e+01       3.007630000000e+06      -3.007629699237e+00      -3.007630000000e-07       3.007630000000e+06      -3.007630000000e+06      -3.007630000000e-07       9.268344692785e+02 
       2.355080305422e-01       2.875248063265e+02      -4.828729525970e+01       3.007630000000e+06      -3.007629699237e+00      -3.007630000000e-07       3.007630000000e+06      -3.007630000000e+06      -3.007630000000e-07       8.705855541242e+02 
       2.433861660729e-01       2.826347920625e+02      -4.899063762312e+01       3.007630000000e+06      -3.007629699237e+00      -3.007630000000e-07       3.007630000000e+06      -3.007630000000e+06      -3.007630000000e-07       8.269789722183e+02 
       2.515301253921e-01       2.717214694579e+02      -5.000739702851e+01       3.007630000000e+06      -3.007629699237e+00      -3.007630000000e-07       3.007630000000e+06      -3.007630000000e+06      -3.007630000000e-07       7.903614653777e+02 
       2.599502611228e-01       2.641642656176e+02      -5.083147940341e+01       3.007630000000e+06      -3.007629699237e+00      -3.007630000000e-07       3.007630000000e+06      -3.007630000000e+06      -3.007630000000e-07       7.522412377556e+02 
       2.686578411025e-01       2.657839574049e+02      -5.113275055931e+01       3.007630000000e+06      -3.007629699237e+00      -3.007630000000e-07       3.007630000000e+06      -3.007630000000e+06      -3.007630000000e-07       7.084281162696e+02 
       2.776652130364e-01       2.777644091616e+02      -5.082053325377e+01       3.007630000000e+06      -3.007629699237e+00      -3.007630000000e-07       3.007630000000e+06      -3.007630000000e+06      -3.007630000000e-07       6.592658129959e+02 
       2.869859964475e-01       2.923656139435e+02      -5.029391631085e+01       3.007630000000e+06      -3.007629699237e+00      -3.007630000000e-07       3.007630000000e+06      -3.007630000000e+06      -3.007630000000e-07       6.106359806091e+02 
       2.966353077477e-01       3.003782620499e+02      -5.004452132697e+01       3.007630000000e+06      -3.007629699237e+00      -3.007630000000e-07       3.007630000000e+06      -3.007630000000e+06      -3.007630000000e-07       5.687479167884e+02 
       3.066300260112e-01       2.982278718488e+02      -5.028724426292e+01       3.007630000000e+06      -3.007629699237e+00      -3.007630000000e-07       3.007630000000e+06      -3.007630000000e+06      -3.007630000000e-07       5.347861053205e+02 
       3.169891093796e-01       2.891414565913e+02      -5.087144371758e+01       3.007630000000e+06      -3.007629699237e+00      -3.007630000000e-07       3.007630000000e+06      -3.007630000000e+06      -3.007630000000e-07       5.062444354635e+02 
       3.277339751681e-01       2.832362437312e+02      -5.126804612926e+01       3.007630000000e+06      -3.007629699237e+00      -3.007630000000e-07       3.007630000000e+06      -3.007630000000e+06      -3.007630000000e-07       4.773316878217e+02 
       3.388889610125e-01       2.846120900900e+02      -5.124581555291e+01       3.007630000000e+06      -3.007629699237e+00      -3.007630000000e-07       3.007630000000e+06      -3.007630000000e+06      -3.007630000000e-07       4.462190747059e+02 
       3.504818902473e-01       2.917343905918e+02      -5.086366281399e+01       3.007630000000e+06      -3.007629699237e+00      -3.007630000000e-07       3.007630000000e+06      -3.007630000000e+06      -3.007630000000e-07       4.141343759441e+02 
       3.625447728490e-01       2.955876758129e+02      -5.059253410598e+01       3.007630000000e+06      -3.007629699237e+00      -3.007630000000e-07       3.007630000000e+06      -3.007630000000e+06      -3.007630000000e-07       3.848719539285e+02 
       3.751146847558e-01       2.914365236373e+02      -5.069107081337e+01       3.007630000000e+06      -3.007629699237e+00      -3.007630000000e-07       3.007630000000e+06      -3.007630000000e+06      -3.007630000000e-07       3.602288192591e+02 
       3.882348848407e-01       2.849225284397e+02      -5.088414138739e+01       3.007630000000e+06      -3.007629699237e+00      -3.007630000000e-07       3.007630000000e+06      -3.007630000000e+06      -3.007630000000e-07       3.375882856390e+02 
       4.019562528021e-01       2.812054076488e+02      -5.090053938901e+01       3.007630000000e+06      -3.007629699237e+00      -3.007630000000e-07       3.007630000000e+06      -3.007630000000e+06      -3.007630000000e-07       3.150433454579e+02 
       4.163391668784e-01       2.823930752160e+02      -5.061478101137e+01       3.007630000000e+06      -3.007629699237e+00      -3.007630000000e-07       3.007630000000e+06      -3.007630000000e+06      -3.007630000000e-07       2.920359419788e+02 
       4.314559942899e-01       2.818734339876e+02      -5.036486876858e+01       3.007630000000e+06      -3.007629699237e+00      -3.007630000000e-07       3.007630000000e+06      -3.007630000000e+06      -3.007630000000e-07       2.705261989486e+02 
       4.473944509880e-01       2.765752142683e+02      -5.031420677986e+01       3.007630000000e+06      -3.007629699237e+00      -3.007630000000e-07       3.007630000000e+06      -3.007630000000e+06      -3.007630000000e-07       2.513621161274e+02 
       4.642622201314e-01       2.712388322100e+02      -5.022757785482e+01       3.007630000000e+06      -3.007629699237e+00      -3.007630000000e-07       3.007630000000e+06      -3.007630000000e+06      -3.007630000000e-07       2.330371932095e+02 
       4.821934354078e-01       2.677510697764e+02      -4.999998029287e+01       3.007630000000e+06      -3.007629699237e+00      -3.007630000000e-07       3.007630000000e+06      -3.007630000000e+06      -3.007630000000e-07       2.150487698484e+02 
       5.013579996608e-01       2.647629519952e+02      -4.969063389744e+01       3.007630000000e+06      -3.007629699237e+00      -3.007630000000e-07       3.007630000000e+06      -3.007630000000e+06      -3.007630000000e-07       1.976904096376e+02 
       5.219753429807e-01       2.585878967686e+02      -4.948884682987e+01       3.007630000000e+06      -3.007629699237e+00      -3.007630000000e-07       3.007630000000e+06      -3.007630000000e+06      -3.007630000000e-07       1.816229203988e+02 
       5.443353695948e-01       2.524034032279e+02      -4.922958967667e+01       3.007630000000e+06      -3.007629699237e+00      -3.007630000000e-07       3.007630000000e+06      -3.007630000000e+06      -3.007630000000e-07       1.661601012736e+02 
       5.688315040792e-01       2.472555407379e+02      -4.884872933549e+01       3.007630000000e+06      -3.007629699237e+00      -3.007630000000e-07       3.007630000000e+06      -3.007630000000e+06      -3.007630000000e-07       1.509632340995e+02 
       5.960150320369e-01       2.396500361785e+02      -4.850885757389e+01       3.007630000000e+06      -3.007629699237e+00      -3.007630000000e-07       3.007630000000e+06      -3.007630000000e+06      -3.007630000000e-07       1.365537680637e+02 
       6.266889140924e-01       2.323664840907e+02      -4.805640461031e+01       3.007630000000e+06      -3.007629699237e+00      -3.007630000000e-07       3.007630000000e+06      -3.007630000000e+06      -3.007630000000e-07       1.223646142669e+02 
       6.620793148496e-01       2.235504573204e+02      -4.755457012172e+01       3.007630000000e+06      -3.007629699237e+00      -3.007630000000e-07       3.007630000000e+06      -3.007630000000e+06      -3.007630000000e-07       1.084836261965e+02 
       7.041710860999e-01       2.136708602363e+02      -4.694119171826e+01       3.007630000000e+06      -3.007629699237e+00      -3.007630000000e-07       3.007630000000e+06      -3.007630000000e+06      -3.007630000000e-07       9.466729354499e+01 
       7.564162908969e-01       2.017754712691e+02      -4.619063984582e+01       3.007630000000e+06      -3.007629699237e+00      -3.007630000000e-07       3.007630000000e+06      -3.007630000000e+06      -3.007630000000e-07       8.072969289536e+01 
       8.253512520039e-01       1.872647742527e+02      -4.521073678182e+01       3.007630000000e+06      -3.007629699237e+00      -3.007630000000e-07       3.007630000000e+06      -3.007630000000e+06      -3.007630000000e-07       6.636852186424e+01 
       9.244174391603e-01       1.685116905331e+02      -4.384795489363e+01       3.007630000000e+06      -3.007629699237e+00      -3.007630000000e-07       3.007630000000e+06      -3.007630000000e+06      -3.007630000000e-07       5.131113252373e+01 
       1.081054574453e+00       1.434492993345e+02      -4.183634124918e+01       3.007630000000e+06      -3.007629699237e+00      -3.007630000000e-07       3.007630000000e+06      -3.007630000000e+06      -3.007630000000e-07       3.579783184350e+01 
       1.330420137806e+00       1.127550599838e+02      -3.900037771960e+01       3.007630000000e+06      -3.007629699237e+00      -3.007630000000e-07       3.007630000000e+06      -3.007630000000e+06      -3.007630000000e-07       2.203388567038e+01 
       1.672107132583e+00       8.277098576511e+01      -3.575709554600e+01       3.007630000000e+06      -3.007629699237e+00      -3.007630000000e-07       3.007630000000e+06      -3.007630000000e+06      -3.007630000000e-07       1.278891988323e+01 
       2.105005058756e+00       5.535597813284e+01      -3.246628243212e+01       3.007630000000e+06      -3.007629699237e+00      -3.007630000000e-07       3.007630000000e+06      -3.007630000000e+06      -3.007630000000e-07       7.326994605983e+00 
       2.650044162511e+00       2.796699270320e+01      -2.923544445188e+01       3.007630000000e+06      -3.007629699237e+00      -3.007630000000e-07       3.007630000000e+06      -3.007630000000e+06      -3.007630000000e-07       4.162965062136e+00 
       3.336207938458e+00       4.960869457117e+00      -2.612999476170e+01       3.007630000000e+06      -3.007629699237e+00      -3.007630000000e-07       3.007630000000e+06      -3.007630000000e+06      -3.007630000000e-07       2.347642878008e+00 
       4.200036952755e+00       1.372637919726e-02      -2.319620651248e+01       3.007630000000e+06      -3.007629699237e+00      -3.007630000000e-07       3.007630000000e+06      -3.007630000000e+06      -3.007630000000e-07       1.314950183231e+00 
       5.287533250297e+00      -2.999318613107e-06      -2.046481256426e+01       3.007630000000e+06      -3.007629699237e+00      -3.007630000000e-07       3.007630000000e+06      -3.007630000000e+06      -3.007630000000e-07       7.319808770379e-01 
       6.656609974506e+00      -2.209866623252e-08      -1.795315849988e+01       3.007630000000e+06      -3.007629699237e+00      -3.007630000000e-07       3.007630000000e+06      -3.007630000000e+06      -3.007630000000e-07       4.051655293426e-01 
       8.380175453308e+00      -1.592016506038e-10      -1.566840707231e+01       3.007630000000e+06      -3.007629699237e+00      -3.007630000000e-07       3.007630000000e+06      -3.007630000000e+06      -3.007630000000e-07       2.231085364915e-01 
       1.055001583346e+01      -1.367711774947e-12      -1.360919213607e+01       3.007630000000e+06      -3.007629699237e+00      -3.007630000000e-07       3.007630000000e+06      -3.007630000000e+06      -3.007630000000e-07       1.222710033683e-01 
       1.328168302758e+01       1.094169419957e-12      -1.176853826987e+01       3.007630000000e+06      -3.007629699237e+00      -3.007630000000e-07       3.007630000000e+06      -3.007630000000e+06      -3.007630000000e-07       6.671347050349e-02 
       1.672064827481e+01       1.094169419957e-12      -1.013509354416e+01       3.007630000000e+06      -3.007629699237e+00      -3.007630000000e-07       3.007630000000e+06      -3.007630000000e+06      -3.007630000000e-07       3.625089645507e-02 
       2.105004901483e+01       1.094169419957e-12      -8.694574975186e+00       3.007630000000e+06      -3.007629699237e+00      -3.007630000000e-07       3.007630000000e+06      -3.007630000000e+06      -3.007630000000e-07       1.962182640576e-02 
       2.650044162429e+01       1.094169419957e-12      -7.431352200684e+00       3.007630000000e+06      -3.007629699237e+00      -3.007630000000e-07       3.007630000000e+06      -3.007630000000e+06      -3.007630000000e-07       1.058178913667e-02 
       3.336207938458e+01       1.094169419957e-12      -6.328942847503e+00       3.007630000000e+06      -3.007629699237e+00      -3.007630000000e-07       3.007630000000e+06      -3.007630000000e+06      -3.007630000000e-07       5.686207618397e-03 
       4.200036952755e+01       1.094169419957e-12      -5.370708844605e+00       3.007630000000e+06      -3.007629699237e+00      -3.007630000000e-07       3.007630000000e+06      -3.007630000000e+06      -3.007630000000e-07       3.044552782068e-03 
       5.287533250297e+01       1.094169419957e-12      -4.540422901353e+00       3.007630000000e+06      -3.007629699237e+00      -3.007630000000e-07       3.007630000000e+06      -3.007630000000e+06      -3.007630000000e-07       1.624009689823e-03 
       6.656609974506e+01       1.094169419957e-12      -3.822518312559e+00       3.007630000000e+06      -3.007629699237e+00      -3.007630000000e-07       3.007630000000e+06      -3.007630000000e+06      -3.007630000000e-07       8.626652946596e-04 
       8.380175453308e+01       1.094169419957e-12      -3.202524123282e+00       3.007630000000e+06      -3.007629699237e+00      -3.007630000000e-07       3.007630000000e+06      -3.007630000000e+06      -3.007630000000e-07       4.560189843012e-04 
       1.055001583346e+02       1.094169419957e-12      -2.666593252984e+00       3.007630000000e+06      -3.007629699237e+00      -3.007630000000e-07       3.007630000000e+06      -3.007630000000e+06      -3.007630000000e-07       2.395799958621e-04 
